0,500
0,499
0,498
0,497
0,496
0,495
0,494
50,6
50,5
50,4
50,3
50,2
50,1
50,0
0,493
49,5
49,4
49,3
49,2
49,1
49,0
48,4
48,3
48,2
48,1
48,0
47,3
47,2
47,1
47,0
46,5
46,4
46,3
46,2
46,1
46,0
45,3
45,2
45,1
45,0
0,492
0,491
44,3
44,2
0,490
44,1
44,0
0,489
43,5
0,488
0,487
43,4
43,3
43,2
43,1
43,0
0,486
0,485
0,484
42,4
0,483
0,482
42,3
42,2
0,481
42,1
42,0
0,480
0,479
41,4
0,478
41,3
41,2
41,1
41,0
0,477
0,476
40,5
0,475
0,474
40,4
0,473
0,472
0,471
0,470
40,3
40,2
40,1
40,0
0,469
0,468
0,467
0,466
0,465
0,464
0,463
0,462
0,461
0,460
0,459
0,458
39,6
39,5
39,4
39,3
39,2
0,457
39,1
39,0
0,456
0,455
0,454
0,453
0,452
0,451
0,450
0,449
38,5
38,4
38,3
38,2
0,448
0,447
38,1
38,0
0,446
0,445
0,444
0,443
0,442
0,441
0,440
0,439
0,438
